193
0

-15.18858
54.63874
1
Social Sciences Bldg.
-215.2796
251.2753
2
Leong Hall
-249.4486
262.239
3
MVP
-115.9688
159.9877
6

-158.1394
79.6078
7
Schmitt Hall
-130.0726
95.92471
8

-165.2836
95.80431
9

-165.0856
139.1906
11

-186.8849
195.8771
12

-186.2797
229.0521
14

-241.2777
246.8119
15

-117.1214
139.679
16

-127.6984
172.701
17

-159.874
172.5231
20

-165.3248
161.7505
18

-106.4148
172.4473
21
Arete
-279.6932
319.1019
22
Bellarmine Hall
68.72751
334.1894
23
Church of the Gesu
72.80496
207.183
24
Xavier Hall
-34.69603
188.872
25
Kostka Hall
-65.33549
158.5933
26
Berchmans Hall
-65.56811
136.9253
28
Old Rizal Library
-150.8993
210.2326
30
Faura Hall
-183.692
132.8187
31
SOM
-209.8825
42.2523
32

-161.2418
83.45721
33

-198.7136
34.86248
34

-105.5668
130.1935
35

-105.4366
159.4289
36

-105.7506
101.2994
29

-24.85814
204.6082
37

-84.60269
235.8842
38

34.134
171.0398
39

40.42309
190.442
40

77.44635
265.3818
41

2.713253
305.9135
42

114.4275
328.3754
43

-163.3372
278.6692
44

-216.2222
285.2733
45

-257.5031
267.3631
46

-276.9668
257.5913
47

-285.65
271.9788
48

24.96037
117.3375
49

-54.0101
-12.06724
50

-40.09493
-57.37819
51
Paseo de Reilly
-6.709366
-69.85003
52

-55.07913
-126.4011
53

-23.52114
-65.42594
54

-35.9902
-108.8995
55
Old Comm. Dept. Bldg.
-69.37225
-141.5124
56

-79.44881
-134.9473
57

-149.9652
-146.3696
58
Manila Observatory
-123.3419
-180.1934
59
St. Ignatius Statue
-184.9688
-202.8903
60

-192.2146
-197.0798
61

-172.5098
-177.84
64

-367.2758
-40.76068
68

-327.1147
16.45537
70

-236.079
114.8038
71

-234.9376
161.6631
72

-257.758
221.8459
74

-262.2883
-199.3389
76

-238.3565
-198.0636
77

-218.0056
-207.2684
80

-258.954
-19.52238
81

-317.8436
-15.4985
82

-272.7874
-23.16684
83
De la Costa Hall
-177.2554
189.692
84

-190.8421
285.0825
86

-273.6194
-17.27864
87

-159.603
189.1776
88

-114.4039
95.57642
90

-44.64631
194.6519
66

-286.7512
12.81213
27

-164.7751
114.5103
67

-251.918
114.9071
69

-65.62678
83.23746
73

-383.8517
298.895
91

-379.5258
282.9051
92

-368.8557
259.9794
93

-310.7058
256.0369
94

-396.8032
-131.5467
95

-363.6555
-136.5752
62

-362.3676
-66.06105
96

-366.9245
-56.06101
65

-81.7652
216.0354
97

-84.44563
175.2526
98

-125.0716
189.3255
99

-53.67196
178.5477
100

-391.5769
-309.186
101

-361.1295
-304.5658
102

-370.6733
-305.4275
103

-283.3005
295.5225
105

-247.3304
271.981
106

-218.7506
304.6008
108

-243.7486
298.4088
109

-273.1066
280.4472
110

58.68654
187.9977
111

58.82695
207.043
112

67.7245
230.8045
113

59.73333
234.6084
114

104.9611
334.154
115

-20.51793
300.138
116

-11.37778
295.3358
117

-51.78181
244.1477
118

-41.95555
239.202
119

-45.09854
224.6903
120

-57.56076
202.6667
121

-47.72203
218.2426
122
Gonzaga Hall
-65.61271
101.5771
123

-67.21581
70.99303
124

-71.85258
50.3828
125

-82.37374
21.6332
126

-81.06667
10.53399
5

-60.10641
-6.992436
4

-20.62222
-76.4676
127

-44.8
-105.1312
128

-59.87002
-136.0654
129

-128.6486
-143.7773
130

-219.0222
-197.5526
131

-194.426
-186.3711
132

-181.3333
-170.451
133

-168.5333
-154.3737
134

-162.1333
-158.6916
135

-142.2222
-131.2224
136

-149.3333
-126.2614
137

-123.7333
-102.7426
138

-130.1333
-98.33278
139

-140.87
-102.3137
140

-174.9333
-77.3863
141

-221.1555
-54.60239
78

-248.8889
-25.93873
79

-336.3556
-11.51502
142

-347.228
-15.35935
143

-365.8264
-15.49772
144

-363.3827
-191.5965
145

-361.9556
-220.4283
146

-364.8
-232.3713
147

-390.4
-332.1418
148

-401.9649
-334.0481
149

-356.9778
-230.0746
150

-354.8445
-239.6291
151

-364.8209
-240.2762
152
Blue Eagle Gym
-320.1989
-237.1044
153

-280.1102
-234.826
154

-280.7003
-213.6685
155

-280.2433
-200.3221
75

-362.0807
-201.7094
156

-384.7111
-136.5509
157

-273.7976
17.51842
158

-274.4877
27.62199
159

-273.5639
37.05852
160

-262.0441
48.76369
161

-253.8667
55.82641
162

-248.8889
58.95003
163

-236.6161
64.31493
164

-201.9556
64.55417
165

-178.4889
65.74849
10

-234.1713
234.4928
19

-216.0701
229.3216
85

-158.1975
210.4451
89

-181.5968
139.0074
104

-234.3468
195.3451
166

-222.1917
214.9641
169

-172.8
58.95003
167

-165.6889
61.06306
168

-182.7556
55.64267
170

-189.8667
51.69221
171

-196.9778
50.31414
172

-186.4258
26.76836
173

-169.2444
21.37477
174

-149.328
26.73484
175

-136.9273
39.56823
176

-122.9327
53.43357
177

-107.1775
71.21788
178

-284.8127
308.8173
179

-179.7547
23.29607
180

-160.3925
306.16
181

-149.3898
302.7071
182

-80.54443
244.9667
183

-61.60082
234.8258
184

-87.78888
101.6867
185

-246.925
194.9414
107

-157.8782
286.9937
13

-223.1671
239.4341
63

-230.6389
223.1664
186

-223.3329
167.7198
187

-191.2945
167.7209
188

-182.1628
161.5758
189

42.50908
334.1737
190

-8.691861
320.4806
191

6.786569
312.7375
192

66.54977
271.4632
254
12
11
2
14
15
9
17
16
20
9
16
3
26
25
36
34
34
26
15
34
34
35
35
25
29
38
29
24
39
38
42
40
43
37
46
45
47
46
38
48
48
0
56
55
61
58
61
60
70
71
46
72
77
60
82
80
11
83
82
86
36
88
88
7
3
35
90
24
68
66
27
9
27
70
67
71
67
68
93
47
62
95
96
62
18
97
16
18
18
98
99
97
25
99
99
90
102
100
102
101
7
8
2
45
44
106
108
109
109
47
105
44
44
84
84
43
65
97
65
37
23
110
110
39
112
111
111
110
39
113
112
113
113
40
114
42
22
114
119
118
118
116
116
115
115
117
117
118
90
120
65
120
119
121
121
120
121
29
26
122
69
122
69
123
123
124
124
125
125
126
126
5
0
69
0
5
5
49
49
50
50
53
51
53
54
4
4
53
54
127
127
52
52
128
128
55
56
129
57
129
129
58
59
60
76
130
77
130
130
131
131
132
132
133
133
134
61
134
134
57
57
135
135
136
133
136
135
137
137
138
136
138
138
139
139
140
140
141
81
86
80
78
78
141
81
79
79
142
142
143
143
64
64
96
142
68
144
95
145
146
100
147
147
148
145
149
149
150
101
151
146
151
151
150
152
150
152
153
155
154
154
153
155
74
76
74
145
75
75
144
95
156
156
94
75
155
157
31
66
157
160
161
161
162
162
163
163
164
164
165
165
32
14
10
10
72
19
12
67
70
87
85
85
28
83
87
87
17
17
20
9
89
89
30
11
104
71
104
104
166
11
166
19
166
87
98
35
18
35
15
8
27
6
167
167
169
169
168
168
170
170
171
31
171
171
33
173
174
174
175
175
176
176
125
176
6
6
32
32
8
176
177
177
123
177
88
70
163
85
12
2
105
93
92
92
91
91
73
103
178
178
21
33
172
172
179
179
173
179
167
106
180
180
181
182
183
183
117
116
41
5
138
137
49
122
184
36
184
34
184
184
26
160
159
159
158
158
157
31
33
71
185
185
72
104
185
108
106
182
107
107
181
109
103
13
1
13
19
10
13
10
63
63
19
63
166
72
166
71
186
186
187
188
187
71
188
188
20
89
188
166
185
112
23
189
22
115
190
191
41
190
191
191
189
192
113
41
192
192
40
86
66
89
27
89
20
6
7
